83 48 
51 353 
16 494 
48 381 
177 346 
88 439 
141 453 
155 114 
140 384 
84 414 
117 302 
115 63 
194 435 
246 414 
189 123 
30 247 
74 73 
81 316 
16 471 
72 368 
124 167 
208 25 
130 350 
6 179 
166 289 
103 361 
122 147 
55 348 
71 255 
228 414 
65 301 
158 224 
51 293 
239 508 
95 460 
121 224 
235 201 
166 91 
185 6 
74 37 
241 476 
139 396 
130 492 
24 171 
26 407 
223 408 
225 293 
216 180 
177 139 
23 25 
14 4 
222 329 
239 260 
114 330 
57 93 
160 189 
169 103 
195 54 
220 83 
91 504 
57 484 
122 333 
50 57 
227 380 
153 126 
212 408 
69 201 
109 45 
101 157 
103 320 
14 306 
231 89 
254 183 
240 102 
7 261 
130 159 
47 147 
227 345 
165 378 
59 231 
64 274 
224 37 
115 498 
3 432 
203 6 
138 329 
39 69 
163 271 
218 232 
54 222 
124 440 
234 366 
57 176 
64 384 
140 166 
83 219 
209 414 
241 401 
198 299 
210 438 
29 421 
81 284 
188 482 
4 167 
1 390 
185 136 
28 89 
67 265 
223 494 
81 145 
248 374 
126 464 
213 412 
155 494 
20 64 
233 125 
160 213 
154 482 
252 495 
52 48 
81 64 
174 430 
212 203 
125 265 
238 75 
34 114 
69 246 
154 4 
187 478 
204 284 
12 106 
158 252 
244 12 
251 349 
119 135 
96 107 
7 293 
122 249 
21 156 
88 376 
198 124 
18 283 
208 98 
225 441 
91 163 
220 419 
247 151 
223 230 
27 174 
78 190 
63 77 
148 442 
90 288 
36 100 
53 67 
27 389 
25 103 
62 177 
92 53 
47 300 
94 350 
168 278 
253 364 
137 315 
235 259 
9 398 
58 204 
15 360 
172 492 
136 87 
36 393 
22 292 
223 287 
105 1 
110 352 
180 334 
186 280 
98 139 
168 221 
75 234 
10 345 
132 18 
108 40 
212 349 
49 311 
50 468 
193 298 
227 461 
41 150 
67 61 
16 94 
81 503 
166 244 
17 504 
15 368 
140 497 
244 447 
80 490 
154 397 
21 359 
59 4 
30 298 
219 397 
138 117 
240 126 
133 211 
203 68 
72 82 
15 214 
232 178 
164 34 
20 254 
119 27 
205 351 
216 462 
24 423 
93 62 
250 274 
212 208 
206 207 
234 475 
141 253 
167 394 
100 9 
188 170 
220 295 
210 447 
69 10 
72 213 
49 411 
22 183 
168 204 
155 418 
72 123 
77 449 
216 299 
190 371 
238 68 
191 65 
253 172 
88 82 
53 391 
37 12 
147 212 
13 54 
200 195 
237 197 
44 196 
213 426 
104 406 
220 347 
156 262 
97 143 
231 281 
236 244 
77 267 
183 346 
121 270 
106 138 
254 236 
91 106 
128 359 
150 459 
48 16 
67 99 
205 140 
240 209 
108 342 
152 341 
74 295 
55 33 
206 214 
74 269 
223 301 
229 93 
80 22 
78 224 
234 241 
134 28 
236 305 
230 273 
82 296 
209 91 
34 404 
80 350 
20 90 
192 135 
194 408 
77 486 
155 40 
126 130 
122 16 
147 117 
131 132 
4 509 
94 483 
59 388 
155 50 
54 147 
79 374 
