143 401 
99 356 
259 433 
174 381 
239 433 
99 333 
202 362 
353 141 
237 354 
170 433 
172 127 
99 309 
192 433 
99 278 
287 433 
337 155 
417 105 
239 198 
99 193 
338 85 
287 265 
364 352 
111 422 
415 85 
287 340 
417 348 
382 112 
417 175 
303 185 
287 352 
287 305 
111 181 
417 215 
151 195 
205 197 
135 433 
127 412 
287 410 
399 360 
216 353 
177 196 
275 85 
415 135 
218 168 
397 85 
302 425 
367 382 
319 413 
218 108 
246 85 
218 226 
335 404 
308 353 
98 223 
99 393 
368 127 
266 353 
287 230 
218 85 
216 318 
218 293 
220 248 
218 271 
218 133 
317 171 
385 350 
99 253 
396 100 
203 100 
417 315 
250 354 
345 351 
385 369 
371 85 
265 198 
401 349 
417 278 
185 115 
160 390 
189 371 
305 85 
218 203 
160 137 
144 151 
99 430 
328 351 
417 243 
287 198 
127 167 
222 433 
351 391 
124 195 
287 383 
