140 252 
160 295 
173 395 
433 473 
260 231 
123 491 
149 287 
186 346 
337 247 
321 188 
448 419 
19 489 
448 478 
317 238 
151 293 
132 340 
294 240 
261 165 
338 463 
202 182 
183 117 
370 197 
194 261 
23 310 
255 217 
348 451 
73 286 
420 465 
273 254 
339 341 
278 164 
256 254 
284 483 
191 207 
481 466 
33 230 
487 454 
228 440 
370 220 
160 345 
288 254 
113 255 
240 318 
107 331 
101 259 
182 454 
337 166 
411 456 
154 252 
364 231 
42 459 
256 201 
482 300 
125 253 
450 348 
128 389 
22 266 
57 43 
137 299 
183 255 
194 447 
366 186 
197 219 
174 346 
166 477 
70 452 
352 242 
238 254 
414 253 
57 103 
206 15 
482 71 
462 480 
91 265 
357 175 
275 476 
214 241 
334 98 
34 464 
159 482 
373 435 
327 222 
323 253 
101 472 
360 441 
406 163 
144 296 
309 164 
293 487 
97 325 
245 166 
233 295 
229 167 
216 397 
204 230 
329 473 
150 302 
160 301 
57 198 
88 318 
304 362 
306 487 
251 450 
156 301 
147 307 
81 272 
238 444 
276 177 
264 95 
294 175 
173 466 
152 488 
141 139 
140 293 
218 275 
226 249 
74 298 
194 194 
345 172 
112 483 
261 460 
238 306 
197 346 
27 476 
309 179 
152 306 
92 461 
389 18 
138 493 
474 475 
490 236 
216 174 
497 439 
149 297 
293 93 
329 204 
389 134 
145 342 
304 254 
77 370 
318 481 
262 187 
225 285 
80 456 
369 323 
371 208 
53 454 
169 254 
79 310 
207 344 
274 238 
234 330 
99 164 
122 337 
366 113 
293 162 
401 445 
206 266 
419 211 
309 43 
209 442 
386 438 
233 100 
269 467 
435 25 
396 297 
39 344 
32 424 
221 340 
263 383 
324 167 
