226 240 
318 171 
197 157 
269 190 
206 260 
324 443 
399 241 
324 284 
275 232 
56 315 
304 280 
273 267 
302 273 
276 285 
269 121 
382 304 
291 220 
292 171 
244 146 
257 226 
310 172 
294 257 
275 303 
319 277 
281 202 
290 188 
255 294 
331 329 
131 270 
287 323 
268 228 
196 222 
231 294 
261 382 
248 121 
242 157 
301 217 
313 255 
118 318 
268 133 
265 166 
221 285 
270 97 
253 243 
114 224 
248 221 
239 275 
213 250 
123 159 
229 251 
195 186 
170 245 
178 214 
366 271 
106 232 
156 176 
382 192 
364 12 
202 286 
278 181 
199 119 
269 163 
316 226 
217 158 
327 294 
220 174 
116 156 
154 233 
176 158 
162 360 
264 185 
212 275 
271 213 
293 218 
259 215 
305 194 
209 160 
340 149 
194 287 
352 186 
196 248 
290 294 
289 253 
386 148 
124 235 
252 217 
153 306 
193 300 
199 359 
143 262 
307 305 
323 217 
277 170 
291 275 
223 105 
316 211 
278 111 
122 292 
253 121 
189 355 
356 268 
242 211 
170 167 
173 72 
249 241 
286 324 
162 265 
186 308 
288 261 
119 275 
321 265 
302 227 
211 254 
251 276 
357 156 
290 342 
222 323 
174 160 
178 94 
252 279 
195 226 
134 214 
156 253 
352 198 
259 207 
66 237 
311 314 
221 137 
225 192 
207 381 
123 304 
244 305 
285 200 
192 276 
245 348 
241 303 
319 258 
227 224 
330 180 
294 207 
176 252 
435 242 
268 152 
150 153 
224 224 
232 280 
321 277 
145 258 
307 225 
387 117 
242 200 
281 179 
140 100 
168 214 
338 282 
254 335 
240 226 
256 346 
332 197 
212 231 
315 184 
126 247 
104 272 
226 266 
286 254 
170 221 
212 148 
189 257 
315 344 
248 391 
214 224 
231 236 
217 206 
304 238 
226 179 
298 200 
173 127 
221 158 
259 389 
200 278 
270 267 
79 151 
137 293 
202 215 
219 181 
216 370 
276 356 
321 218 
56 170 
265 287 
334 259 
274 314 
193 236 
170 360 
147 448 
191 166 
92 230 
316 283 
235 131 
229 198 
337 263 
241 135 
268 190 
315 240 
288 305 
217 336 
205 216 
345 195 
296 207 
323 319 
216 174 
252 192 
271 126 
269 366 
189 0 
339 392 
173 128 
263 344 
179 404 
190 312 
323 121 
238 291 
293 159 
220 173 
222 390 
279 276 
106 442 
372 249 
227 190 
250 288 
315 283 
307 199 
165 177 
263 136 
306 372 
268 215 
97 299 
230 287 
213 198 
313 309 
310 269 
397 267 
121 55 
206 193 
277 352 
290 266 
278 186 
185 332 
267 278 
221 390 
156 279 
234 162 
151 177 
299 272 
398 207 
156 213 
260 192 
256 149 
203 270 
277 286 
183 272 
231 293 
183 338 
198 213 
130 210 
142 331 
234 229 
218 266 
340 230 
259 143 
139 350 
140 214 
211 206 
314 332 
282 207 
334 133 
195 512 
338 271 
173 222 
234 453 
250 352 
380 259 
414 140 
174 305 
270 223 
277 327 
212 333 
227 200 
298 249 
243 239 
250 258 
377 231 
199 78 
276 229 
223 122 
207 281 
245 335 
313 218 
253 316 
322 186 
204 216 
267 194 
164 276 
325 468 
223 223 
233 177 
313 194 
144 261 
112 223 
169 182 
295 230 
269 208 
168 335 
312 335 
253 202 
253 166 
187 287 
269 309 
266 154 
262 254 
278 106 
311 158 
258 368 
213 211 
208 217 
281 242 
145 270 
289 123 
243 209 
230 278 
414 437 
251 286 
236 343 
335 308 
429 264 
290 196 
270 154 
239 296 
206 255 
283 213 
74 312 
166 363 
133 229 
258 177 
145 359 
79 295 
284 297 
213 300 
235 268 
227 186 
265 278 
205 138 
369 248 
209 191 
250 208 
205 222 
166 191 
247 344 
267 246 
271 174 
306 222 
210 220 
266 165 
263 204 
257 279 
288 261 
160 377 
165 285 
148 252 
235 291 
152 392 
275 313 
254 341 
332 286 
255 249 
200 252 
276 267 
323 352 
295 246 
294 261 
304 195 
240 307 
69 407 
275 173 
360 274 
264 425 
275 247 
208 292 
246 168 
238 309 
226 179 
167 328 
314 325 
252 221 
191 142 
199 236 
317 320 
377 182 
224 282 
177 294 
275 204 
187 232 
376 379 
225 323 
251 276 
83 189 
245 336 
79 185 
241 306 
258 127 
240 145 
304 346 
262 164 
290 183 
346 256 
201 310 
202 163 
284 299 
253 164 
253 288 
285 187 
228 275 
223 232 
188 310 
197 319 
243 400 
242 177 
167 254 
214 337 
263 456 
456 287 
287 129 
245 351 
223 139 
229 222 
163 308 
15 229 
289 301 
84 366 
410 149 
212 51 
248 308 
398 209 
312 137 
374 113 
361 322 
233 129 
235 104 
233 263 
257 78 
319 282 
243 137 
253 303 
307 186 
255 233 
156 304 
318 263 
317 324 
190 238 
158 179 
133 91 
331 311 
224 238 
84 195 
297 144 
157 169 
222 100 
213 419 
158 218 
197 424 
108 290 
294 260 
382 286 
132 253 
224 168 
310 274 
291 282 
270 249 
268 214 
164 202 
101 257 
177 173 
180 172 
68 182 
228 385 
257 291 
174 176 
271 96 
366 275 
136 397 
355 204 
318 293 
322 187 
351 234 
203 213 
238 210 
206 162 
149 239 
167 276 
176 134 
