183 210 
39 275 
262 208 
31 181 
348 198 
250 66 
66 248 
173 240 
154 192 
376 37 
448 290 
335 181 
334 278 
387 296 
171 90 
407 387 
107 286 
204 245 
459 238 
230 217 
388 271 
71 410 
67 203 
302 349 
322 176 
325 235 
312 94 
449 408 
95 288 
402 293 
45 196 
332 109 
67 232 
303 176 
410 136 
451 113 
76 290 
266 271 
41 293 
284 286 
102 259 
257 255 
161 273 
387 242 
256 240 
278 233 
217 238 
293 391 
418 292 
218 193 
230 307 
122 27 
67 275 
387 228 
389 255 
357 237 
430 291 
357 219 
448 245 
342 266 
161 239 
161 290 
76 368 
389 282 
238 406 
491 461 
473 41 
31 194 
464 128 
167 375 
461 290 
167 184 
154 413 
304 284 
67 215 
157 221 
189 246 
387 198 
255 225 
305 289 
28 292 
399 119 
470 70 
58 195 
272 279 
51 293 
224 227 
477 316 
286 469 
169 118 
66 292 
270 194 
227 205 
198 226 
187 184 
400 423 
41 48 
71 193 
409 393 
150 459 
25 94 
83 131 
87 191 
69 150 
69 461 
201 183 
155 206 
67 263 
167 29 
163 255 
239 140 
128 214 
289 184 
169 78 
322 288 
389 214 
85 289 
349 256 
103 188 
388 178 
436 230 
