478 463 
176 424 
236 498 
187 118 
400 501 
340 154 
452 37 
142 395 
207 129 
472 453 
57 333 
284 84 
382 479 
306 29 
270 487 
77 28 
292 411 
11 471 
287 219 
508 91 
490 37 
446 321 
378 445 
501 154 
111 263 
106 450 
118 70 
260 257 
22 161 
218 39 
355 279 
45 387 
127 104 
351 40 
448 95 
246 438 
402 290 
358 45 
411 60 
132 504 
379 153 
135 421 
392 99 
241 445 
25 445 
80 175 
256 127 
125 411 
327 99 
458 464 
451 401 
134 131 
174 248 
244 425 
25 463 
338 416 
362 328 
372 272 
21 450 
215 251 
100 442 
3 358 
128 49 
111 390 
456 97 
135 235 
165 338 
87 479 
435 360 
150 173 
202 197 
95 379 
159 232 
22 427 
346 160 
229 331 
270 296 
199 295 
273 441 
187 296 
416 111 
275 467 
377 230 
137 283 
135 137 
488 366 
36 399 
108 170 
89 495 
475 499 
73 254 
433 249 
412 242 
14 418 
262 108 
53 305 
116 427 
100 455 
373 15 
424 338 
366 12 
378 36 
144 495 
356 39 
25 134 
155 295 
10 454 
281 283 
84 224 
157 143 
292 234 
483 488 
79 325 
116 250 
509 200 
192 87 
283 251 
383 217 
270 311 
341 196 
94 150 
234 493 
214 277 
501 113 
483 499 
255 278 
212 104 
485 99 
460 89 
449 265 
162 320 
78 179 
448 67 
283 315 
3 17 
134 2 
358 395 
289 57 
85 85 
141 209 
247 150 
168 317 
17 485 
69 504 
214 254 
322 187 
147 446 
138 494 
96 84 
327 481 
350 506 
393 395 
3 131 
258 448 
396 137 
267 505 
126 315 
234 350 
197 58 
397 250 
28 466 
144 314 
229 102 
439 124 
70 43 
354 395 
225 448 
372 489 
320 381 
293 325 
270 484 
220 345 
5 383 
436 475 
178 244 
421 112 
165 95 
229 376 
143 118 
25 510 
404 270 
54 436 
509 418 
361 482 
10 216 
370 421 
234 486 
177 293 
420 75 
390 226 
356 52 
97 65 
279 167 
178 50 
285 10 
62 198 
333 149 
139 344 
279 139 
456 11 
405 32 
464 221 
83 256 
376 93 
108 339 
243 51 
504 394 
26 264 
321 258 
98 333 
83 480 
448 268 
263 249 
398 166 
349 123 
28 379 
429 493 
309 476 
490 135 
284 408 
454 4 
35 25 
420 153 
98 87 
384 54 
294 477 
447 195 
77 213 
270 270 
248 178 
303 405 
167 287 
180 443 
142 461 
484 28 
211 217 
501 54 
15 134 
462 228 
283 307 
61 241 
79 501 
180 55 
478 152 
503 195 
34 415 
104 80 
28 58 
302 53 
173 433 
238 495 
292 319 
264 20 
158 249 
306 441 
483 246 
123 97 
493 119 
429 311 
379 121 
412 351 
139 90 
13 382 
141 4 
246 22 
353 83 
325 404 
215 436 
191 47 
500 138 
169 262 
221 12 
183 416 
14 480 
48 13 
129 256 
179 180 
361 438 
222 323 
43 172 
390 508 
294 335 
458 301 
82 444 
398 331 
363 112 
194 500 
342 499 
136 414 
488 263 
84 509 
281 86 
365 37 
500 391 
424 346 
125 269 
222 177 
225 171 
238 307 
196 28 
356 118 
342 481 
386 75 
215 314 
22 493 
364 241 
340 103 
183 304 
242 173 
295 7 
406 336 
393 217 
328 389 
288 246 
81 253 
186 299 
197 327 
429 461 
320 150 
228 183 
122 153 
503 40 
210 81 
272 190 
6 479 
332 292 
176 57 
175 465 
270 327 
407 226 
310 346 
255 427 
351 79 
168 305 
213 109 
260 53 
207 13 
435 320 
210 282 
506 226 
326 179 
391 73 
22 196 
71 302 
259 242 
349 411 
231 147 
58 401 
338 302 
495 485 
432 200 
73 432 
266 436 
356 202 
396 479 
461 443 
468 32 
86 315 
484 119 
60 112 
408 435 
101 476 
37 373 
282 322 
215 75 
144 159 
280 95 
227 28 
475 102 
169 173 
418 149 
3 154 
403 136 
225 434 
457 417 
430 195 
18 508 
40 511 
213 410 
398 470 
497 143 
271 57 
71 404 
364 436 
145 9 
258 231 
64 304 
408 507 
402 427 
432 76 
344 89 
211 116 
326 145 
142 479 
178 334 
340 183 
415 418 
330 451 
321 192 
339 323 
158 127 
338 367 
224 183 
1 382 
236 363 
17 323 
220 500 
129 124 
119 204 
229 116 
426 55 
419 391 
108 510 
388 406 
377 127 
256 259 
211 476 
66 270 
367 483 
250 314 
177 12 
195 496 
273 52 
228 38 
211 321 
269 249 
13 141 
204 192 
72 505 
191 174 
509 226 
133 121 
470 161 
41 340 
127 287 
323 254 
471 118 
152 111 
364 106 
490 401 
408 361 
434 409 
345 488 
403 20 
111 182 
377 376 
125 337 
205 235 
466 389 
403 330 
302 139 
129 109 
157 59 
303 335 
219 421 
150 239 
343 85 
343 14 
481 159 
332 397 
183 38 
115 28 
270 124 
32 402 
488 7 
404 301 
216 164 
465 157 
171 321 
381 364 
110 358 
500 289 
65 379 
165 15 
131 303 
454 383 
314 470 
15 375 
