34 408 
95 182 
489 263 
255 8 
68 29 
376 362 
444 29 
231 182 
9 216 
119 465 
267 426 
76 100 
240 2 
344 231 
501 62 
360 320 
135 93 
74 474 
59 293 
214 96 
211 459 
157 16 
72 478 
101 449 
335 47 
228 125 
222 445 
260 387 
339 78 
419 341 
242 188 
6 135 
459 489 
473 400 
69 490 
365 85 
441 439 
466 411 
149 192 
230 305 
19 507 
216 305 
280 385 
502 1 
260 317 
403 46 
224 365 
154 306 
367 81 
504 102 
125 142 
373 163 
474 67 
226 384 
188 486 
206 237 
502 414 
154 278 
267 283 
497 97 
349 148 
49 318 
382 188 
145 267 
58 3 
468 213 
402 261 
488 487 
385 374 
465 125 
243 409 
446 164 
198 51 
312 186 
154 88 
418 150 
188 141 
451 286 
19 359 
425 354 
459 126 
350 348 
309 224 
345 339 
218 38 
29 18 
125 170 
280 204 
99 349 
2 65 
53 252 
269 152 
175 58 
32 417 
461 387 
402 410 
78 262 
206 301 
359 400 
290 449 
389 57 
116 115 
275 411 
93 65 
183 193 
58 270 
60 103 
362 291 
121 495 
227 34 
