249 46 
100 202 
210 275 
248 406 
282 150 
293 153 
233 236 
45 322 
262 112 
77 409 
224 249 
237 382 
359 135 
98 345 
248 419 
24 133 
7 202 
33 160 
12 500 
411 198 
248 88 
336 298 
439 494 
168 487 
379 140 
460 139 
155 206 
85 19 
93 332 
342 448 
305 377 
467 315 
255 203 
334 101 
452 52 
200 292 
230 375 
411 212 
211 52 
464 407 
269 125 
153 359 
342 139 
239 224 
128 390 
115 373 
207 367 
70 45 
24 382 
53 504 
193 365 
239 99 
161 345 
225 97 
220 370 
352 497 
305 151 
347 86 
127 379 
76 314 
374 245 
181 107 
329 143 
303 137 
57 316 
169 368 
448 194 
210 160 
184 313 
105 365 
316 149 
210 99 
408 184 
107 419 
358 70 
156 373 
217 429 
87 321 
247 394 
419 451 
116 407 
248 434 
82 295 
168 111 
66 314 
352 196 
195 104 
173 324 
434 102 
183 366 
164 87 
252 103 
74 223 
368 54 
411 261 
401 168 
102 356 
139 377 
249 284 
135 472 
94 88 
318 119 
273 139 
389 149 
285 169 
271 190 
