336 424 
297 334 
52 51 
271 348 
178 282 
51 311 
122 152 
215 129 
281 447 
134 277 
284 340 
197 96 
223 386 
252 259 
243 439 
448 432 
105 279 
323 253 
361 481 
422 407 
212 125 
112 95 
125 259 
236 256 
101 51 
212 145 
196 275 
124 235 
281 388 
369 100 
381 30 
160 248 
118 445 
464 468 
68 193 
330 290 
146 145 
468 270 
148 204 
402 401 
249 287 
330 272 
374 339 
216 329 
291 215 
215 113 
443 110 
284 241 
179 190 
107 356 
86 109 
161 284 
322 384 
163 196 
40 104 
478 200 
59 117 
400 311 
141 84 
253 55 
309 244 
388 200 
476 216 
171 85 
201 217 
165 449 
364 411 
248 359 
89 89 
191 181 
316 156 
223 417 
133 213 
316 437 
259 243 
48 421 
218 267 
319 319 
88 66 
37 76 
206 162 
156 312 
236 371 
