144 391 
97 326 
62 477 
253 173 
456 464 
268 286 
197 233 
210 282 
254 263 
253 292 
457 88 
115 357 
199 92 
430 288 
463 46 
155 40 
430 443 
199 487 
416 229 
245 241 
261 230 
281 255 
89 188 
361 117 
196 250 
318 169 
271 234 
421 326 
279 267 
225 427 
397 203 
321 422 
428 258 
226 187 
216 337 
270 433 
201 269 
117 412 
201 218 
286 169 
77 71 
373 188 
347 309 
280 364 
249 263 
401 369 
336 480 
160 272 
146 119 
208 202 
236 292 
82 232 
373 403 
222 290 
203 168 
275 277 
25 397 
459 178 
394 65 
264 254 
243 257 
279 244 
260 260 
182 411 
33 234 
467 401 
242 249 
83 275 
345 176 
110 146 
253 233 
261 70 
321 60 
498 273 
