367 81 
231 182 
275 435 
350 348 
211 459 
444 29 
303 223 
403 46 
267 200 
335 47 
32 417 
361 272 
280 385 
121 495 
2 65 
269 152 
154 306 
402 261 
188 486 
349 148 
459 126 
19 507 
255 8 
267 283 
53 252 
474 67 
266 295 
34 408 
260 387 
236 404 
74 474 
376 362 
344 231 
373 163 
362 291 
214 96 
254 194 
93 65 
101 449 
267 426 
466 411 
365 85 
468 213 
271 432 
461 387 
188 141 
361 266 
19 359 
135 93 
362 302 
154 278 
240 2 
419 341 
223 183 
157 16 
243 409 
297 218 
68 29 
362 312 
362 283 
497 97 
356 258 
175 58 
319 224 
198 51 
290 449 
242 188 
183 193 
221 340 
261 421 
349 239 
231 396 
280 204 
228 125 
504 102 
345 339 
218 38 
266 309 
9 216 
312 186 
99 349 
69 490 
352 331 
465 125 
502 1 
60 103 
418 150 
446 164 
58 3 
402 410 
337 227 
125 170 
227 34 
280 441 
451 286 
502 414 
205 187 
154 88 
359 400 
49 318 
385 374 
206 237 
222 445 
260 317 
221 350 
489 263 
360 320 
58 270 
226 384 
192 189 
125 142 
354 247 
59 293 
289 212 
149 192 
216 185 
488 487 
425 354 
226 372 
95 182 
441 439 
224 365 
339 78 
459 489 
250 415 
72 478 
224 330 
327 224 
6 135 
389 57 
473 400 
265 269 
76 100 
501 62 
29 18 
119 465 
255 418 
78 262 
238 328 
309 224 
247 326 
253 322 
116 115 
382 188 
145 267 
